0130850513274456,
0390762757228334,
0450761543923331,
0905525857714574,
1134532326779900,
1205982002582299,
1334990398175859,
1407091257163545,
1732554531115089,
1945811068525845,
2055612442605541,
2145471376587567,
2270064758363665,
2285888154281062,
2401243078759541,
2427437551173964,
2431890246253533,
2447361827796110,
2679717808067927,
2811224657299026,
3247616718779567,
3576679614859329,
4604160295058075,
4622960738333181,
4636080248996522,
4714138643455131,
5130937270549081,
5241460895903730,
5529127283220286,
5573110865198081,
5948856637013748,
5951882461375978,
6043022554121052,
6560882930658754,
6644705302687385,
6963889799741927,
7062274179396656,
7173922125020043,
7312946418733110,
7525976996261066,
7651341120825287,
7774559680471749,
7820034139865594,
8056365542183068,
8070325697830866,
8135232309980269,
8582667628347457,
8668404529943604,
8871615237315962,
8978799324980898,
9118206539574994,
9177182127478055,
9224466302319645,
9619193284591410,
9668675171352534,
9814152155074530,
9880332007728108,
9971842553577002,
